-588.36778727 -427.893180205
-11.5482242264 -914.567104278
296.614901455 259.37166107
970.259747515 -240.82107118
-999.796018574 -324.808680656
595.005346027 -794.809560337
-987.875193081 545.614909736
-385.078128206 -56.7302355945
-624.164122829 -406.124220588
999.9952661 -78.575308299
-925.612782879 -133.645216818
109.270985962 -215.564112795
-677.108150513 -680.394587765
654.35787701 -380.818277757
982.891334464 941.406493179
629.76570023 -673.729435483
-670.565287743 -290.369227023
704.952128088 -594.120896123
-547.32276876 -829.928629021
-680.664338073 -706.301658703
934.551370604 982.46146757
-144.816650452 -379.79804841
-394.904181074 246.57482444
471.080802672 222.346468736
-789.29509628 -274.903201347
-379.594606457 -330.315701133
-459.869750909 419.305820219
140.460139453 245.175533779
-448.008630663 -6.70103155615
512.494617289 -264.810661467
-187.107776601 -524.120621874
2.59565505253 164.564815982
675.613345705 -743.879305339
-802.281450401 338.008861517
-632.899340062 -21.9140950886
415.296490724 638.228525953
340.008188998 233.365546702
-458.045857719 -324.954602753
482.188546342 365.545195902
-597.532651971 595.133056972
217.537713494 331.113048828
737.324355228 443.48496077
-967.274874879 -918.0965961
777.510580183 932.086693603
535.025068711 352.952839661
939.35206699 777.658523167
-186.569711452 599.598985415
442.337183873 -715.693377968
-941.432364257 -404.75878226
-686.003376554 -418.624695607
-552.512928856 246.516043318
-757.069883972 -990.014234388
-355.750450556 -850.408442952
-47.2469144493 524.851096604
-982.757614937 -653.882954235
594.507544514 492.513540911
73.5497210286 -874.152080443
-93.7827341168 -402.822700399
-274.600835674 534.980965319
-536.441408875 -328.466174566
144.47633057 -933.775777027
-830.096687486 -853.765037818
824.05096113 80.6839000678
-60.4247352045 812.07945915
-669.976599082 -5.87998480291
141.197020857 186.574419213
662.61647802 -442.195894778
761.766775729 841.690475189
357.704984245 -520.701021364
905.747829483 795.965082357
-679.796421377 689.610903181
-903.431802371 44.7182445776
-150.576157603 733.484942686
-452.230525543 180.807162389
432.80923505 367.371649539
-917.090036999 -338.291088944
328.78715062 395.974611839
-887.84726194 -742.650064844
-410.090353861 864.494321867
-268.040704514 175.321435478
-363.384948853 -754.936719055
-972.158464011 -249.331718534
-350.944115576 352.916807955
483.929084084 -74.6402946233
503.31601317 -432.21156618
-930.711242126 272.826854689
-309.493488161 853.447481294
-623.46896433 826.792029846
769.796967451 365.772442018
570.937415245 -109.230022343
43.3829996035 281.239099114
236.536717614 11.3390874429
-781.558568917 96.0085791922
665.086852922 -174.252897281
-187.726132831 -870.775340264
-83.8622885751 943.300692472
-452.705496253 107.082949536
-744.562103096 -101.31584833
-912.633430232 304.908028981
-960.247126349 -590.494616805
